1 56 
1 92 
1 101 
1 105 
1 117 
1 170 
1 177 
1 197 
1 210 
1 215 
1 234 
1 255 
1 272 
1 276 
1 286 
1 313 
1 348 
1 355 
1 357 
1 390 
1 430 
1 433 
1 460 
1 470 
1 509 
1 525 
1 589 
1 614 
1 633 
1 650 
1 669 
1 683 
1 693 
1 716 
1 721 
1 801 
1 805 
1 807 
1 811 
1 838 
1 844 
1 863 
1 866 
1 867 
1 915 
1 943 
1 944 
1 1003 
1 1011 
1 1015 
1 1102 
1 1109 
1 1119 
1 1135 
1 1151 
1 1184 
1 1188 
1 1197 
1 1222 
1 1248 
1 1261 
1 1262 
1 1293 
1 1319 
1 1320 
1 1367 
1 1380 
1 1404 
1 1414 
1 1429 
1 1443 
1 1447 
1 1469 
1 1470 
1 1489 
1 1497 
1 1502 
1 1510 
1 1535 
1 1570 
1 1579 
1 1601 
1 1643 
1 1647 
1 1754 
1 1755 
1 1796 
1 1811 
1 1842 
1 1844 
1 1852 
1 1869 
1 1880 
1 1905 
1 2003 
1 2013 
1 2100 
1 2118 
1 2139 
1 2165 
1 2190 
1 2191 
1 2214 
1 2215 
1 2246 
1 2306 
1 2310 
1 2386 
1 2398 
1 2408 
1 2435 
1 2440 
1 2443 
1 2466 
1 2468 
1 2572 
1 2593 
1 2599 
1 2629 
1 2672 
1 2711 
1 2728 
1 2738 
1 2747 
1 2754 
1 2762 
1 2772 
1 2789 
1 2801 
1 2810 
1 2889 
1 2901 
1 2908 
1 2913 
1 2937 
1 2954 
1 2957 
1 2962 
1 3021 
1 3050 
1 3057 
1 3072 
1 3084 
1 3086 
1 3100 
1 3117 
1 3146 
1 3155 
1 3233 
1 3424 
1 3429 
1 3452 
1 3465 
1 3477 
1 3503 
1 3560 
1 3595 
1 3600 
1 3620 
1 3629 
1 3657 
1 3700 
1 3775 
1 3802 
1 3821 
1 3881 
1 3896 
1 3906 
1 3928 
1 3967 
1 3990 
1 4025 
1 4076 
1 4125 
1 4134 
1 4142 
1 4178 
1 4179 
1 4190 
1 4197 
1 4225 
1 4287 
1 4291 
1 4339 
1 4404 
1 4407 
1 4425 
1 4441 
1 4444 
1 4451 
1 4460 
1 4471 
1 4493 
1 4505 
1 4524 
1 4543 
1 4564 
1 4567 
1 4613 
1 4633 
1 4644 
1 4656 
1 4699 
1 4704 
1 4725 
1 4732 
1 4741 
1 4755 
1 4764 
1 4781 
1 4783 
1 4790 
1 4830 
1 4846 
1 4858 
1 4890 
1 4898 
1 4915 
1 4917 
1 4925 
1 4927 
1 4935 
1 5040 
1 5041 
1 5043 
1 5065 
1 5109 
1 5157 
1 5172 
1 5204 
1 5229 
1 5231 
1 5253 
1 5261 
1 5268 
1 5329 
1 5350 
1 5389 
1 5416 
1 5423 
1 5484 
1 5529 
1 5533 
1 5562 
1 5567 
1 5568 
1 5570 
1 5591 
1 5601 
1 5625 
1 5636 
1 5689 
1 5701 
1 5719 
1 5746 
1 5756 
1 5768 
1 5769 
1 5780 
1 5792 
1 5801 
1 5805 
1 5807 
1 5828 
1 5878 
1 5882 
1 5894 
1 5910 
1 5927 
1 5940 
1 5971 
1 5978 
1 6000 
1 6048 
1 6071 
1 6087 
1 6139 
1 6147 
1 6171 
1 6281 
1 6303 
1 6349 
1 6358 
1 6433 
1 6480 
1 6495 
1 6515 
1 6528 
1 6538 
1 6557 
1 6569 
1 6583 
1 6601 
1 6619 
1 6625 
1 6632 
1 6644 
1 6660 
1 6680 
1 6695 
1 6799 
1 6801 
1 6802 
1 6806 
1 6809 
1 6826 
1 6856 
1 6884 
1 6908 
1 6918 
1 6935 
1 6951 
1 6985 
1 6991 
1 7015 
1 7054 
1 7084 
1 7096 
1 7125 
1 7169 
1 7178 
1 7207 
1 7209 
1 7287 
1 7300 
1 7326 
1 7340 
1 7394 
1 7395 
1 7429 
1 7439 
1 7443 
1 7445 
1 7474 
1 7479 
1 7482 
1 7523 
1 7543 
1 7565 
1 7566 
1 7571 
1 7603 
1 7606 
1 7608 
1 7617 
1 7650 
1 7672 
1 7677 
1 7752 
1 7824 
1 7826 
1 7844 
1 7853 
1 7869 
1 7871 
1 7890 
1 7894 
1 7924 
1 7926 
1 7931 
1 7934 
1 7964 
1 7972 
1 7983 
1 7986 
1 7994 
1 8007 
1 8026 
1 8067 
1 8073 
1 8127 
1 8133 
1 8137 
1 8170 
1 8174 
1 8194 
1 8201 
1 8214 
1 8223 
1 8266 
1 8275 
1 8339 
1 8342 
1 8354 
1 8382 
1 8388 
1 8406 
1 8422 
1 8510 
1 8516 
1 8532 
1 8565 
1 8573 
1 8643 
1 8645 
1 8648 
1 8649 
1 8684 
1 8686 
1 8746 
1 8761 
1 8788 
1 8825 
1 8836 
1 8847 
1 8912 
1 8917 
1 8924 
1 8930 
1 8938 
1 8952 
1 8965 
1 8980 
1 9021 
1 9036 
1 9037 
1 9051 
1 9073 
1 9076 
1 9096 
1 9109 
1 9133 
1 9166 
1 9184 
1 9199 
1 9244 
1 9282 
1 9315 
1 9360 
1 9369 
1 9420 
1 9449 
1 9476 
1 9481 
1 9482 
1 9506 
1 9522 
1 9530 
1 9532 
1 9544 
1 9566 
1 9609 
1 9624 
1 9629 
1 9645 
1 9694 
1 9706 
1 9745 
1 9754 
1 9818 
1 9825 
1 9830 
1 9832 
1 9841 
1 9871 
1 9875 
1 9885 
1 9917 
1 9925 
1 9933 
1 9946 
1 9951 
1 9952 
1 9982 
1 10028 
1 10079 
1 10115 
1 10249 
1 10316 
1 10323 
1 10337 
1 10351 
1 10387 
1 10454 
1 10455 
1 10507 
1 10515 
1 10517 
1 10534 
1 10542 
1 10580 
1 10684 
1 10729 
1 10738 
1 10743 
1 10768 
1 10782 
1 10785 
1 10792 
1 10835 
1 10871 
1 10975 
1 10978 
1 11016 
1 11080 
1 11117 
1 11169 
1 11209 
1 11216 
1 11218 
1 11234 
1 11252 
1 11297 
1 11302 
1 11401 
1 11410 
1 11415 
1 11421 
1 11444 
1 11506 
1 11508 
1 11517 
1 11529 
1 11542 
1 11549 
1 11624 
1 11665 
1 11666 
1 11675 
1 11787 
1 11822 
1 11879 
1 11888 
1 12070 
1 12095 
1 12109 
1 12130 
1 12139 
1 12143 
1 12176 
1 12325 
1 12354 
1 12675 
1 12679 
1 12680 
1 12688 
1 12690 
1 12691 
1 12694 
1 12696 
1 12700 
1 12709 
1 12714 
1 12717 
1 12720 
1 12736 
1 12737 
1 12763 
1 12822 
1 12838 
1 12842 
1 12874 
1 12875 
1 12890 
1 12903 
1 8037
1 475
1 2167
